8921
32018
18584
34978
33076
32191
22196
32397
14652
33299
32912
32197
32053
32044
33037
33101
33643
33891
31665
32002
23388
17417
2848
32056
23055
32023
33104
32047
30984
33365
22461
33630
33897
33315
32999
13709
16731
31271
10923
6720
34982
7649
31838
21679
10438
30538
12119
33841
33265
33044
33557
14098
32162
30922
33138
31275
5892
33143
12589
31258
34979
7910
33943
31102
33141
30665
33940
34931
33933
30981
5942
32019
33070
8575
17869
1463
33942
1885
29132
33543
11140
33077
31632
23759
33555
33030
28923
31104
6244
34933
34018
33040
32707
34020
32952
33148
21829
32862
34130
33297
33512
21399
13636
29999
33225
22496
33988
1231
7010
13138
20322
31556
33968
32928
1681
32752
12611
5304
31067
29122
30617
33685
33564
33002
10968
33589
24640
21836
33175
28030
14761
1878
31612
9745
33000
11906
33115
9443
33792
1686
17371
31617
32930
34087
30609
4247
23828
32853
32960
30041
33954
17744
31241
6725
32531
32493
33554
33540
33843
31616
28276
32010
702
32163
32921
33261
31534
34016
29926
32641
33955
21243
32165
32017
32914
32933
33029
558
34370
32958
34032
33904
23380
33068
8118
32059
31888
3469
34057
33888
31100
11806
10253
658
30332
34015
32867
33308
5301
32873
33791
20673
8819
31445
34135
33786
32281
33476
32708
32936
7809
32490
23073
32251
33125
3259
34021
34061
29340
33556
31999
33934
25334
3506
7389
32157
30977
29222
33369
8349
9907
30043
33542
14079
32027
32730
31101
33899
34981
3716
32374
33154
29919
18454
32935
6474
13081
5671
33551
2512
33885
33901
33945
33887
33302
32006
32187
33162
33264
32480
31553
33626
11555
34070
33237
32689
33889
33475
7731
4483
32036
32156
33674
33500
23300
10857
31554
33258
32057
85
33892
14047
33594
34056
33128
33501
32343
32659
21661
33744
10147
33098
23956
31575
17706
20922
33903
34402
31538
33102
32054
32754
33565
33078
33977
33900
34019
3321
33936
17600
33105
32214
33083
30313
32685
32869
7695
33007
33769
34350
6575
15847
14062
33149
17209
32219
29217
19227
15959
5734
29760
32997
32840
31680
12292
10844
32660
33249
31594
33263
33796
13691
32932
33893
28903
29894
32014
30023
10223
32635
1846
30640
33905
31630
33306
14869
4224
24515
33629
32868
33928
32170
5840
13907
29914
8905
33005
6740
2256
10280
33127
3508
33362
33085
28683
32398
31914
33938
32190
34983
32843
33886
4912
33003
34017
20197
32639
4566
34037
32677
32885
33323
21621
18864
32161
13236
33591
20065
11090
16081
34934
22264
30337
128
32021
32186
32192
32160
22946
32215
19200
33592
31555
32164
33978
33902
32965
33084
23829
8945
957
30336
3897
10703
18487
30592
29546
33307
32678
33004
33515
33079
18668
2323
33782
32159
31372
31750
33541
31684
4870
32966
34985
21127
32946
19488
32731
5381
33550
3116
33553
6707
20208
33327
6018
24079
3437
33937
25803
9668
27270
1351
31624
33080
33884
14508
5988
32671
33838
8495
12189
30328
33367
8177
33324
32962
32024
33330
31682
33008
8266
32871
33949
33793
33358
33300
32211
17344
33301
15059
33086
2973
32870
34936
33896
31610
5136
3795
32198
11046
34132
29592
2220
32679
31373
33708
2365
29520
33898
25376
31002
30459
33684
32193
33632
31536
32751
33145
33588
33895
2781
34932
38
