8921
6852
24311
19401
32018
21320
18584
4697
816
1357
2160
2169
26362
26055
7661
27074
1084
13516
25858
17311
8421
25455
22841
32020
23629
26604
8641
1712
12399
5107
5526
2617
7692
8722
3518
20773
20053
21025
24122
28377
7629
10485
22243
22107
4019
22790
27711
17305
715
16313
21406
18562
14014
4364
23693
22754
23388
4984
1519
13764
27703
2184
2864
3683
15312
1166
24543
4739
10385
21811
20774
19152
6254
16967
4607
20120
16419
2024
8145
15243
9293
13741
30984
22780
7293
28370
8485
21152
23556
12236
27933
442
23038
847
28941
18135
2932
27128
8105
1151
23632
27021
21159
9368
7823
25355
18539
17710
15379
6258
26998
13865
18301
3801
14919
26872
26414
26811
6242
29048
1160
12817
21
4221
25973
28107
3340
26103
26756
9841
27965
22345
27325
23100
29004
18489
28779
27319
17977
23760
18602
18423
23523
17530
10717
1293
14966
25981
3282
1330
31552
7137
1044
7710
14718
28346
106
15578
31681
26943
963
25519
4811
13789
12945
9349
25200
24438
304
2756
19446
28781
523
273
13812
5144
12431
19410
26345
6986
21677
16897
215
1852
12730
22325
15278
24761
4524
27127
23273
21099
17592
4808
22651
21570
27202
31102
20261
958
23859
3049
14337
29120
5423
26545
24609
25714
22082
11397
1144
30981
32019
26276
13651
5854
1471
26595
16769
28371
1242
20579
20617
19124
23177
28136
24702
2513
14103
16817
22004
7285
18139
24155
11288
18152
6004
20036
22666
21216
15267
21502
672
29946
19544
17624
18318
2639
19225
13038
8282
20420
20912
12093
4690
14515
24450
15691
25604
14247
11825
27557
11706
3648
22015
9249
27771
31104
7555
5160
28183
11961
14464
2525
29747
14300
28182
14309
358
9519
24163
19297
1390
23232
21846
28298
15838
5760
2044
7621
8998
28609
9068
17297
20925
7358
26241
6822
1148
21351
24200
22398
16511
5274
9394
6991
21132
24292
13747
11314
18546
21163
11134
13155
13837
4174
465
25332
23531
27797
21756
18233
30938
26048
17057
22562
27498
10549
31556
29937
12466
16642
26069
13209
27841
16606
10226
25567
14373
26850
13941
30615
24358
9071
24062
19083
14798
22021
16548
15496
478
1824
20038
28491
22188
26979
14306
26027
19067
1078
4916
18154
26327
17727
20093
593
5538
10612
5200
26440
3435
22350
26840
20094
24640
6369
2928
25885
29699
18575
21187
6976
19955
6977
15071
16277
22543
26321
2553
24614
1464
11471
4528
27826
22783
3457
24140
4937
4688
24351
20213
32300
4440
338
4107
25485
10949
24969
17653
17436
22108
5404
30980
31103
21108
780
9963
677
26116
20939
1636
2031
16051
18389
18743
25679
3198
25405
5786
30298
22344
7769
10806
18506
864
16723
21855
10722
28763
9511
28050
14858
17280
15776
28317
27932
7898
639
30670
9715
5184
23736
2498
891
7607
3564
14511
11113
7112
8624
303
4764
14126
4270
27855
21676
25441
5249
21656
12879
10751
702
29025
12640
4948
12926
28530
5138
9502
8117
21493
23695
29490
5035
13253
19326
29926
15717
29610
29734
19730
3411
19941
17993
7320
16933
6006
19385
14665
21284
17401
24007
2417
26579
19826
6938
3462
1138
21243
24932
28638
28843
8636
23866
15343
25342
15975
19817
32017
25491
28438
25383
25457
22909
7193
19073
29940
15801
5688
7716
7506
5409
21074
23685
24754
1173
28289
12183
21086
1768
11155
25269
4506
11429
19936
28156
2471
19527
8935
31561
6333
28415
1702
737
2992
28686
11393
28437
27354
29942
15828
27761
15562
8212
2089
5394
2682
1943
19666
8850
14596
16891
18144
27552
12694
10660
23743
18157
29456
20112
1195
30918
22047
6744
8190
26294
5077
25699
8063
7662
17790
6680
9273
20436
15221
18603
20288
18919
25319
17995
18503
25989
18258
9168
2377
4313
3136
17172
6651
28546
29020
21446
29947
22467
27534
19845
15804
9457
7791
3521
24740
19324
821
9045
24366
22270
23603
9193
17240
4819
4766
25597
1200
16762
8346
20441
4382
5285
18256
27547
3425
26337
20144
20334
23073
31222
5333
10140
18051
23163
16747
11018
20114
27514
20020
1870
3099
16775
23057
26913
4959
16350
17183
15144
29943
15235
8484
25233
21513
15484
18979
8613
7496
12742
22036
19853
15740
28953
7994
14987
20366
19626
29596
5609
19696
1613
6962
18930
7925
27437
23276
31101
27862
5258
5
14513
2807
21157
29633
6924
1024
3809
9372
3984
8033
15962
6923
25737
20080
11886
6415
19377
26399
24152
1437
5110
27944
23036
30400
9677
24718
29772
26197
22699
20910
16784
26391
17638
24371
18183
20580
3904
8520
365
27851
15960
10194
9588
8587
22763
20466
21477
4
11408
11724
4700
15240
28996
20538
14839
20459
26984
19633
5241
7411
18777
7812
13378
8695
14886
14583
31560
27931
22391
4061
15611
7032
26516
9203
6358
11741
25528
27671
10345
14156
22735
15334
11656
31554
8100
25070
1001
24808
26914
4886
12846
2770
1332
9804
28216
28766
17375
15229
3706
5017
21661
11058
14355
7783
11101
28566
17987
3779
6930
22700
14658
14569
18709
3071
9149
10408
20869
12976
21418
19221
27143
28691
15316
29370
25993
20399
27282
5114
8677
8019
880
5234
25958
18463
21347
25298
3999
20640
17414
143
500
7065
3523
17152
21276
2130
25203
9265
27386
1661
14249
21544
23224
8671
20242
27646
21909
992
18750
12094
13770
5276
13027
24636
9570
3985
29281
19075
27275
29532
21690
23763
20126
13170
25465
327
409
11337
22555
17942
24901
572
27193
17089
21575
799
2521
7049
26239
13509
19433
3947
370
25456
14642
27637
6600
6698
20340
27417
10049
3944
28883
25692
9473
20507
3806
23000
29779
13992
2844
57
24764
13868
25202
1791
8410
6847
31169
20165
11072
23921
17083
27879
19104
4196
21892
19168
27487
28898
9578
28315
372
19025
19258
23187
32014
17863
21189
27730
26712
8678
10223
23448
21825
17770
15469
5459
22438
29267
18587
26888
25241
23644
20592
23143
6495
22653
27053
26211
8849
13632
26649
13686
17185
14869
16185
31381
23946
4224
7173
30415
12906
23909
6825
7215
457
23555
12865
1199
1911
1968
20319
19176
10416
699
11530
18057
12014
13907
24506
12077
25422
5229
12135
21394
18956
22869
29716
1355
24841
14085
19340
9002
18558
9380
21075
7533
7334
15779
507
9890
26193
18672
23794
21380
24587
24630
8563
2148
31914
9521
636
253
24507
27883
26026
17509
14050
9183
18876
17793
13727
12047
27217
22342
23703
5835
4597
22473
5084
25841
22588
2896
3697
960
25518
19241
15294
21092
13492
28716
27292
10713
17330
7796
8364
5525
2953
13655
18864
7665
17291
26680
17205
10839
25731
14258
26025
1554
7902
17636
1276
20065
17299
9868
1006
28099
8235
15528
22796
10847
22437
130
8862
16738
11837
24025
2154
29016
27469
32021
25010
31613
21972
28440
14167
13093
19774
2168
16885
23599
28365
29730
5309
13177
22596
4459
12417
31555
21219
16564
6979
26531
28170
30983
16751
13365
6111
1499
15005
8917
24220
30920
25443
23829
23687
11733
6116
21515
11933
7738
5599
957
6502
27452
3897
13887
31068
6313
15049
23553
5751
7023
22452
6051
18857
10746
24840
26072
2383
31079
4716
2147
9339
31557
17515
23287
553
28404
3022
129
11988
25811
13176
1079
24704
27094
21879
14638
19247
7553
13418
4574
24048
31683
8427
25006
12286
14903
11059
3807
31684
11672
9333
31551
21421
29945
8717
23962
21106
17163
25323
17463
6990
23107
7108
13403
15288
12637
1153
19488
22986
5593
31076
14084
15310
5381
26442
23018
21631
962
21957
28959
11352
28449
16281
19128
25724
6707
20208
1270
1314
27400
23883
12359
2416
23147
26096
669
20442
30620
30578
14887
1075
23655
3034
15113
14587
27750
6237
25803
29927
20019
2202
20866
14136
7414
17225
24240
5018
18179
25701
4331
822
25772
17002
20767
21431
10512
8565
29118
19805
26446
14508
6288
4909
19600
29181
15698
15871
17951
15811
28731
6687
18869
18524
20305
12874
3977
28701
28108
24124
14526
25987
31682
771
18151
27664
10604
16645
12426
29005
15021
1557
21274
10075
7586
21053
25922
25072
27540
22039
6044
9802
18295
2832
7864
5884
14546
24606
23170
20695
7859
25689
24695
8439
26059
22758
12891
13071
22637
25196
19904
21120
7238
6493
22625
6029
28887
9151
23738
7642
160
25078
2661
2186
19928
6192
17007
756
5707
17609
3011
16507
10859
2689
31913
25461
3668
1940
3465
4765
8423
26603
22041
1053
24659
155
14499
3805
27812
8960
25391
2206
11112
8345
25486
20746
15110
24730
18913
18821
6712
28608
2966
10811
29088
8441
25618
9785
8706
