186 100.0
20219 100.0
19469 100.0
8111 100.0
5568 100.0
13452 100.0
7200 100.0
11284 100.0
12216 100.0
7269 100.0
26971 100.0
12761 100.0
3452 100.0
11370 100.0
18076 100.0
6098 100.0
6451 100.0
9830 100.0
27897 100.0
6311 100.0
15694 100.0
6909 100.0
19871 100.0
23650 100.0
26257 100.0
23845 100.0
24286 100.0
18531 100.0
19885 100.0
1579 100.0
22389 100.0
17489 100.0
2269 100.0
14971 100.0
25081 100.0
11125 100.0
247 100.0
5336 100.0
543 100.0
998 100.0
12348 100.0
13465 100.0
26317 100.0
22802 100.0
1584 100.0
10905 100.0
17713 100.0
5895 100.0
1767 100.0
6037 100.0
25707 100.0
12986 100.0
8271 100.0
16851 100.0
20558 100.0
6065 100.0
4727 100.0
24679 100.0
12293 100.0
3320 100.0
27287 100.0
21078 100.0
8598 100.0
9464 100.0
3962 100.0
25044 100.0
16060 100.0
5856 100.0
4568 100.0
24763 100.0
5380 100.0
19803 100.0
9777 100.0
12441 100.0
5765 100.0
441 100.0
9267 100.0
27760 100.0
12645 100.0
22408 100.0
2477 100.0
10095 100.0
26226 100.0
15993 100.0
12043 100.0
8739 100.0
4052 100.0
12198 100.0
13901 100.0
29698 100.0
6102 100.0
18745 100.0
17298 100.0
4684 100.0
23928 100.0
23896 100.0
4143 100.0
5753 100.0
26881 100.0
16867 100.0
4113 100.0
13943 nan
17580 100.0
27666 100.0
3634 100.0
29167 100.0
17071 100.0
22253 100.0
3943 100.0
10235 100.0
26583 100.0
27546 100.0
2324 100.0
8729 99.41908871926223
1734 100.0
16982 100.0
24556 100.0
25229 100.0
4825 100.0
4204 100.0
23933 100.0
2008 100.0
425 100.0
10937 100.0
22551 100.0
3503 100.0
13200 100.0
6652 100.0
22787 100.0
25421 100.0
18468 100.0
10951 98.33603896103895
24266 100.0
147 100.0
26003 100.0
1507 100.0
8776 100.0
5172 100.0
1845 100.0
19177 100.0
5199 100.0
3800 100.0
2013 100.0
26364 100.0
15447 100.0
7534 100.0
7681 100.0
16220 100.0
13953 100.0
315 100.0
5937 100.0
22898 100.0
20454 100.0
6015 100.0
21480 100.0
23719 100.0
17870 100.0
1813 100.0
2665 100.0
21629 100.0
26245 100.0
8149 100.0
2434 100.0
19378 100.0
5437 100.0
25852 100.0
27998 100.0
5692 100.0
10881 100.0
24719 100.0
28473 100.0
22166 100.0
11568 100.0
27235 100.0
23081 100.0
10170 100.0
5167 100.0
22622 100.0
4922 100.0
19420 100.0
22517 100.0
3274 100.0
18556 100.0
13880 100.0
6257 100.0
27362 97.11011916721283
3135 100.0
29448 100.0
5216 100.0
13643 100.0
25569 100.0
5041 100.0
4088 100.0
6558 100.0
23925 100.0
4513 100.0
28234 100.0
23334 100.0
535 100.0
25789 100.0
24188 100.0
14671 100.0
10946 100.0
20372 100.0
20837 100.0
13716 100.0
28583 100.0
22943 100.0
14018 100.0
13685 100.0
5165 100.0
11658 100.0
7362 100.0
6914 100.0
23443 100.0
9849 100.0
9135 100.0
19655 100.0
17098 100.0
1954 100.0
21743 100.0
12450 100.0
1196 100.0
15317 100.0
8562 100.0
10000 100.0
17824 100.0
12152 100.0
2210 100.0
20812 100.0
8632 100.0
497 100.0
26550 100.0
23392 100.0
29941 100.0
26663 100.0
27805 100.0
26629 100.0
10372 100.0
16610 100.0
19861 100.0
15158 100.0
11007 100.0
24682 100.0
12479 100.0
16619 100.0
968 100.0
24391 100.0
27695 100.0
19329 100.0
26662 100.0
6631 100.0
29423 100.0
9351 100.0
23498 100.0
4222 100.0
14496 100.0
23680 100.0
2313 100.0
24896 100.0
23001 100.0
21870 100.0
1137 100.0
4960 100.0
5492 100.0
2237 100.0
21594 100.0
26926 100.0
19235 100.0
18878 100.0
27606 100.0
29441 100.0
2394 100.0
12498 100.0
2884 100.0
21255 100.0
24787 100.0
18013 100.0
12828 100.0
19798 100.0
23389 100.0
25992 100.0
22520 100.0
807 100.0
22472 100.0
21961 100.0
25613 100.0
5869 100.0
26338 100.0
22213 100.0
17040 100.0
20700 100.0
26627 nan
18235 100.0
9987 100.0
11801 100.0
11426 100.0
18440 100.0
12482 100.0
7597 100.0
11882 100.0
15271 100.0
4493 100.0
12975 100.0
15046 100.0
11464 100.0
11373 100.0
21880 100.0
17294 100.0
9807 100.0
23039 100.0
24836 100.0
4288 100.0
4381 100.0
11126 100.0
9089 100.0
14357 100.0
13973 100.0
4624 100.0
13317 100.0
10877 100.0
24676 100.0
21785 100.0
5014 100.0
27259 100.0
23348 100.0
15529 100.0
20676 100.0
226 100.0
20779 100.0
3466 100.0
18598 100.0
21626 100.0
19629 100.0
2238 100.0
27903 100.0
16346 100.0
13357 100.0
15870 100.0
12007 100.0
20678 100.0
1967 100.0
5980 100.0
13056 100.0
945 100.0
22876 100.0
2790 100.0
6530 100.0
383 100.0
5962 100.0
23096 100.0
2508 100.0
4223 100.0
3262 100.0
6910 100.0
10900 100.0
1594 100.0
6900 100.0
27686 100.0
13884 100.0
14183 100.0
25739 100.0
11174 100.0
21338 100.0
28387 100.0
21840 100.0
5674 100.0
10841 100.0
16883 100.0
15112 100.0
19141 100.0
19195 100.0
15419 100.0
4357 100.0
104 100.0
25614 100.0
3844 100.0
19794 100.0
14525 100.0
5422 100.0
5892 100.0
17150 100.0
24480 100.0
6305 100.0
24314 100.0
5472 100.0
12706 100.0
21512 100.0
25008 100.0
9037 100.0
2259 100.0
22730 100.0
17434 100.0
26722 100.0
8412 100.0
17735 100.0
21059 100.0
16672 100.0
7942 100.0
22614 100.0
3263 100.0
28787 100.0
15007 100.0
13090 100.0
8119 100.0
5071 94.11117457062436
144 100.0
5862 100.0
26630 100.0
9285 100.0
24246 100.0
23999 100.0
4762 100.0
4854 100.0
2950 100.0
2657 100.0
641 100.0
26988 43.31004279455193
14880 100.0
9567 100.0
11130 100.0
15323 100.0
9663 100.0
22885 100.0
5177 100.0
26161 100.0
12544 100.0
28570 95.10788807493006
20017 100.0
21484 100.0
18343 100.0
17538 100.0
3284 100.0
502 100.0
22976 100.0
287 100.0
5405 100.0
4211 100.0
18178 100.0
4826 100.0
3975 100.0
1754 100.0
8575 100.0
19328 100.0
23789 100.0
27061 100.0
17869 100.0
3464 100.0
20133 100.0
18367 100.0
28989 100.0
22829 97.7622061482821
554 100.0
25799 99.27251317230818
13919 100.0
5191 100.0
1868 100.0
3165 100.0
26983 100.0
14824 100.0
16636 100.0
24293 100.0
29711 100.0
359 100.0
1036 100.0
6902 100.0
26799 100.0
11186 100.0
11787 100.0
2692 100.0
7622 100.0
5076 100.0
9662 100.0
943 100.0
27755 100.0
22771 100.0
16582 100.0
3629 100.0
14773 100.0
29113 100.0
8843 100.0
10997 100.0
6913 100.0
7311 100.0
12965 100.0
25224 100.0
1478 100.0
20350 100.0
14827 100.0
15138 100.0
15635 100.0
22737 100.0
10446 100.0
29517 100.0
26150 100.0
6052 100.0
6483 100.0
6150 100.0
3119 100.0
1823 100.0
6199 100.0
26016 100.0
13590 100.0
20243 100.0
251 100.0
5655 100.0
2179 100.0
27900 100.0
24335 100.0
27718 100.0
13845 100.0
28503 100.0
25530 100.0
24331 100.0
6824 100.0
25704 100.0
18734 100.0
17034 100.0
9689 100.0
422 100.0
27952 100.0
28112 100.0
14918 100.0
11687 100.0
1289 100.0
27513 100.0
16684 100.0
22485 100.0
2087 100.0
15869 100.0
4993 100.0
21905 100.0
17377 100.0
12156 100.0
15984 100.0
27055 100.0
22397 100.0
4713 100.0
20106 100.0
23647 100.0
99 100.0
3785 100.0
27554 100.0
22343 100.0
2768 100.0
181 100.0
14759 100.0
17220 100.0
8331 100.0
12932 100.0
27338 100.0
7957 100.0
27158 100.0
11774 100.0
26741 100.0
18410 100.0
10962 100.0
738 100.0
28277 100.0
12813 100.0
20498 100.0
15064 100.0
24581 100.0
522 100.0
7058 100.0
23361 100.0
6931 100.0
24051 100.0
26344 100.0
17322 100.0
24856 100.0
4394 100.0
7687 100.0
26277 100.0
2145 100.0
8840 100.0
3862 100.0
9064 100.0
20991 100.0
29503 100.0
4920 100.0
12708 100.0
18681 100.0
25016 100.0
1898 100.0
686 100.0
19811 100.0
9299 100.0
17270 100.0
4452 100.0
9384 100.0
19922 50.0
21195 100.0
13819 100.0
11161 100.0
4840 100.0
28044 100.0
29087 100.0
21900 100.0
8813 100.0
3218 100.0
8088 100.0
22055 100.0
24558 100.0
18792 100.0
12028 100.0
16404 100.0
4569 100.0
8982 100.0
21101 100.0
15446 100.0
10656 100.0
24561 100.0
21116 100.0
20833 100.0
27228 100.0
25847 100.0
6811 99.51814058956916
4108 100.0
18573 100.0
8733 100.0
23713 100.0
9818 100.0
2798 100.0
923 100.0
14537 100.0
28928 100.0
13278 100.0
21337 100.0
24128 100.0
5622 100.0
2589 100.0
15629 100.0
12360 100.0
14399 100.0
13925 100.0
22963 100.0
23953 100.0
1982 100.0
22306 100.0
4797 100.0
9364 100.0
17696 100.0
14411 100.0
9630 100.0
9276 100.0
3310 100.0
7962 100.0
21415 100.0
19854 100.0
12079 100.0
21009 100.0
8239 100.0
13194 100.0
28015 100.0
24369 100.0
29426 100.0
8223 100.0
11265 100.0
23595 100.0
16602 100.0
27088 100.0
25539 100.0
3413 100.0
16928 100.0
13240 100.0
13256 100.0
27844 100.0
7492 100.0
2055 100.0
17482 100.0
7990 100.0
13249 100.0
2554 100.0
23496 100.0
749 100.0
10260 100.0
29499 100.0
29552 100.0
26747 100.0
22626 100.0
9363 100.0
28414 100.0
23799 100.0
25111 100.0
7761 100.0
22132 100.0
13228 100.0
2430 100.0
16485 100.0
24649 100.0
2965 100.0
10667 100.0
20974 100.0
23815 100.0
7307 100.0
12327 100.0
19761 100.0
5935 100.0
26354 100.0
26831 100.0
22746 100.0
17518 100.0
4617 100.0
14789 100.0
17794 100.0
25758 100.0
4546 100.0
9230 50.0
14528 100.0
5277 100.0
25624 100.0
23202 100.0
7911 100.0
17618 100.0
25230 100.0
28926 100.0
9678 100.0
2800 100.0
23409 100.0
22333 100.0
25193 94.67687074829931
16846 100.0
3623 100.0
83 100.0
29346 100.0
6287 100.0
2732 100.0
20835 100.0
6176 100.0
9740 100.0
29292 100.0
20185 50.0
17433 100.0
16054 100.0
25472 100.0
2761 100.0
20058 100.0
29613 100.0
283 100.0
28178 100.0
1337 100.0
24132 100.0
17893 100.0
1115 100.0
21999 100.0
11030 100.0
2534 100.0
10945 100.0
27397 100.0
5857 100.0
26727 100.0
7450 100.0
18983 100.0
6194 100.0
24906 100.0
16983 100.0
2971 100.0
24353 100.0
9523 100.0
12963 100.0
14094 100.0
18291 100.0
7440 100.0
10456 100.0
16623 100.0
28076 100.0
24157 100.0
28072 100.0
8305 100.0
12727 100.0
20448 100.0
24598 100.0
5504 100.0
26383 100.0
22586 100.0
7537 100.0
29805 100.0
22530 100.0
9781 100.0
28418 100.0
10233 100.0
27365 100.0
20769 100.0
1395 100.0
20139 100.0
1088 100.0
8856 100.0
288 100.0
9236 100.0
28625 100.0
12214 100.0
28954 100.0
6905 100.0
15991 100.0
25628 100.0
8136 100.0
27459 100.0
3813 100.0
7643 100.0
23505 100.0
23884 100.0
14224 100.0
28755 100.0
8428 100.0
2559 100.0
23983 100.0
9093 100.0
7758 100.0
19806 100.0
5898 100.0
5095 100.0
19097 100.0
16613 100.0
12753 100.0
4095 100.0
15789 100.0
20551 100.0
17610 100.0
11813 100.0
6374 100.0
5099 100.0
150 100.0
7373 100.0
3461 100.0
26641 98.99487978665667
2955 100.0
12248 100.0
7329 100.0
5532 100.0
2664 100.0
1502 100.0
21949 100.0
17757 100.0
28494 100.0
8448 100.0
13966 100.0
7741 100.0
25783 100.0
27007 100.0
5522 100.0
20696 100.0
16138 100.0
13564 100.0
2935 100.0
8712 100.0
26513 100.0
10632 100.0
4465 100.0
9347 100.0
4244 100.0
18657 100.0
20193 100.0
28003 100.0
27578 100.0
20417 100.0
3510 100.0
10985 100.0
1744 100.0
4466 100.0
2113 100.0
10169 100.0
15688 100.0
22184 100.0
24036 100.0
23919 100.0
18959 100.0
2709 100.0
9358 100.0
9920 96.09756097560977
24671 100.0
5539 100.0
24393 100.0
19829 100.0
28606 100.0
29617 100.0
18175 100.0
12408 100.0
7302 100.0
12332 100.0
1439 100.0
17180 100.0
16837 100.0
3868 100.0
12525 100.0
24177 100.0
3217 100.0
8554 100.0
8533 100.0
16749 100.0
28104 100.0
6997 100.0
4439 100.0
12164 100.0
22541 100.0
17041 100.0
2699 100.0
20685 100.0
21494 100.0
21674 100.0
23923 100.0
7570 100.0
10517 100.0
10702 100.0
25801 100.0
25371 100.0
932 100.0
5348 100.0
27568 100.0
7997 100.0
13366 100.0
18056 100.0
3204 100.0
3283 100.0
6929 100.0
1861 100.0
24306 100.0
12533 100.0
22739 100.0
28839 100.0
28009 100.0
29062 100.0
7186 100.0
19344 100.0
12686 100.0
16568 100.0
24232 100.0
24569 100.0
1830 100.0
12347 100.0
5272 100.0
3895 50.0
27324 100.0
14115 100.0
29650 100.0
29054 100.0
16364 100.0
8993 100.0
26483 100.0
2351 100.0
5886 100.0
3170 100.0
3526 100.0
25938 100.0
9038 100.0
8342 100.0
13322 99.42099820080185
9061 100.0
19157 100.0
7870 100.0
5511 100.0
5090 100.0
4237 100.0
20449 100.0
1672 100.0
1562 100.0
14911 100.0
9504 100.0
2396 100.0
27456 100.0
18285 100.0
1892 100.0
10127 100.0
2266 100.0
15930 100.0
25146 100.0
9982 100.0
272 100.0
16222 100.0
20508 100.0
18339 100.0
18588 100.0
24185 100.0
13826 100.0
9033 100.0
26368 100.0
19911 100.0
17763 100.0
5357 100.0
17129 100.0
12833 100.0
8444 100.0
13001 100.0
18725 100.0
19864 100.0
26187 100.0
18908 100.0
5540 100.0
9073 100.0
25207 50.0
10213 100.0
24825 100.0
11994 100.0
23908 100.0
29009 100.0
21551 100.0
12893 100.0
2613 100.0
28058 100.0
12004 100.0
23510 100.0
23529 100.0
22037 100.0
24008 100.0
21470 100.0
27482 100.0
27248 100.0
25552 100.0
21907 100.0
14388 100.0
2921 100.0
21981 100.0
9084 100.0
21496 100.0
1315 100.0
7959 100.0
5256 100.0
4494 100.0
20234 100.0
16502 100.0
26785 100.0
1232 98.93363869993489
20577 100.0
15188 100.0
22834 100.0
23822 100.0
15119 100.0
21147 100.0
24914 100.0
9275 100.0
14750 100.0
18069 100.0
29434 100.0
29360 100.0
10805 100.0
3870 100.0
8307 100.0
5973 100.0
258 100.0
27234 100.0
5846 100.0
17199 100.0
24431 100.0
12208 nan
23487 100.0
14558 100.0
16649 100.0
23982 100.0
21184 100.0
8821 100.0
8478 100.0
3756 100.0
13204 100.0
300 100.0
25189 100.0
12234 100.0
15371 100.0
9921 100.0
24334 100.0
6821 96.93877551020408
8979 100.0
16445 100.0
25950 100.0
24434 100.0
15560 100.0
22105 100.0
12274 98.35497835497836
11092 100.0
28456 100.0
22385 100.0
14814 100.0
26375 100.0
14445 100.0
18768 100.0
19932 100.0
23413 100.0
2571 100.0
20127 100.0
29599 100.0
5053 100.0
25076 100.0
7195 100.0
20045 100.0
17623 100.0
778 100.0
22272 100.0
24936 100.0
105 100.0
2497 100.0
18972 100.0
16580 100.0
3595 100.0
10633 100.0
30612 100.0
4996 100.0
16271 100.0
26684 100.0
24882 100.0
14354 100.0
17300 100.0
21731 100.0
19135 100.0
5008 100.0
8696 100.0
6703 100.0
1 100.0
536 100.0
9280 100.0
8842 100.0
26142 100.0
20009 100.0
13899 100.0
1939 100.0
464 100.0
18666 100.0
20122 100.0
22079 100.0
27173 100.0
11640 100.0
8391 97.95123348826061
7421 100.0
21455 100.0
27765 100.0
19888 100.0
28697 100.0
11037 100.0
27179 100.0
3289 100.0
15644 100.0
26292 100.0
6026 100.0
16372 100.0
23977 100.0
5321 100.0
8637 100.0
19080 100.0
22769 100.0
18887 100.0
22892 100.0
8385 100.0
3033 100.0
26573 100.0
19418 100.0
7383 98.27713595935809
4054 100.0
4231 100.0
18092 100.0
5126 100.0
22364 100.0
8491 100.0
23940 100.0
24270 100.0
6211 100.0
22759 100.0
10509 100.0
25009 100.0
2949 100.0
27496 100.0
21739 100.0
23223 85.06179275786366
24824 100.0
11838 100.0
18385 100.0
6561 100.0
20588 100.0
18921 100.0
15555 100.0
142 100.0
23740 100.0
25794 100.0
25082 100.0
27837 100.0
1922 100.0
8910 100.0
23762 100.0
10103 98.41144263612618
10591 100.0
19988 100.0
2018 100.0
27839 100.0
11 100.0
24091 100.0
29622 100.0
31046 100.0
3621 100.0
8148 100.0
7103 100.0
18690 99.41966465328441
647 100.0
5301 100.0
1005 100.0
19376 100.0
8220 100.0
6665 100.0
26538 100.0
5875 100.0
6106 100.0
6452 100.0
25545 100.0
23739 100.0
12510 100.0
4855 98.50178245275998
6693 100.0
22321 100.0
5512 100.0
22032 100.0
19425 50.0
1014 100.0
16337 100.0
10149 100.0
22476 100.0
22421 100.0
9329 100.0
6892 100.0
17001 100.0
8643 100.0
26739 100.0
4153 100.0
17116 100.0
11387 100.0
16179 100.0
29514 100.0
17540 100.0
3291 100.0
1653 100.0
23503 100.0
3174 100.0
28500 100.0
8930 100.0
17825 100.0
24113 100.0
18124 100.0
3903 100.0
10829 100.0
23844 100.0
14853 100.0
18325 100.0
26037 100.0
9065 100.0
1317 100.0
5799 100.0
8612 100.0
1634 100.0
4161 100.0
16833 100.0
20392 100.0
4961 100.0
7930 100.0
22861 100.0
2902 100.0
10824 100.0
15636 100.0
22080 100.0
14263 100.0
9040 100.0
27954 100.0
9654 100.0
9207 100.0
28383 100.0
27996 100.0
6647 100.0
6273 100.0
7136 100.0
12808 100.0
25328 100.0
3242 100.0
2052 100.0
22401 100.0
10920 100.0
18915 100.0
25730 100.0
3681 100.0
5100 100.0
7209 100.0
21963 100.0
19996 100.0
27782 100.0
8987 100.0
20238 100.0
22172 100.0
7025 100.0
6616 100.0
5656 100.0
23178 100.0
412 100.0
19540 100.0
5037 100.0
12774 100.0
13333 100.0
22069 100.0
5733 100.0
27785 100.0
17171 100.0
7747 100.0
27696 100.0
14524 100.0
12683 100.0
29648 100.0
17164 100.0
3938 100.0
25629 100.0
27157 100.0
17583 100.0
23002 100.0
12726 100.0
22087 100.0
26216 100.0
15916 100.0
1748 100.0
23635 100.0
5967 100.0
5758 100.0
9742 100.0
3973 100.0
20890 100.0
19997 100.0
13003 100.0
20042 100.0
15682 100.0
30535 100.0
23717 100.0
2574 100.0
21871 100.0
10499 100.0
17121 100.0
24076 100.0
6264 100.0
21877 100.0
7254 100.0
27404 100.0
27150 100.0
28550 100.0
5186 100.0
23749 100.0
26580 96.07378493566102
27003 100.0
25026 100.0
22293 100.0
28416 100.0
10603 100.0
3688 100.0
9900 100.0
14421 100.0
26596 100.0
3737 100.0
29790 100.0
18892 100.0
7574 100.0
6151 100.0
2146 100.0
8249 100.0
22033 100.0
14779 100.0
14609 100.0
7199 100.0
21536 100.0
25138 100.0
2014 100.0
2511 100.0
15807 100.0
29143 100.0
17269 100.0
9138 100.0
5390 100.0
3803 100.0
1505 100.0
5831 100.0
1784 100.0
7589 100.0
19277 100.0
24361 100.0
18742 100.0
27277 100.0
4924 100.0
13505 100.0
1604 100.0
28382 100.0
29309 100.0
4016 100.0
693 100.0
508 100.0
3319 100.0
25666 100.0
10569 100.0
17422 100.0
17542 100.0
26500 100.0
28615 100.0
25473 100.0
12318 100.0
3309 100.0
11495 100.0
24823 100.0
14459 100.0
26765 100.0
21952 100.0
26836 100.0
14154 100.0
12185 100.0
2612 100.0
27209 100.0
28105 100.0
1697 100.0
8713 100.0
2808 100.0
15431 100.0
1860 100.0
11660 100.0
23876 100.0
4779 100.0
26687 100.0
22245 100.0
26885 100.0
28580 100.0
24494 100.0
4541 100.0
23476 100.0
27891 100.0
1094 100.0
10414 100.0
10134 100.0
13263 100.0
5135 100.0
20146 100.0
1586 50.0
27720 100.0
28862 100.0
22328 100.0
8203 100.0
21977 100.0
29059 100.0
17310 100.0
23959 100.0
4084 100.0
17679 100.0
23095 100.0
2801 100.0
4769 100.0
15830 100.0
24112 100.0
6632 100.0
10792 100.0
2954 100.0
26421 100.0
22920 100.0
1353 100.0
10913 100.0
22751 100.0
29057 100.0
2852 100.0
8932 100.0
28176 100.0
18412 100.0
3989 100.0
27868 100.0
22212 100.0
3883 100.0
24069 100.0
808 100.0
19559 100.0
24460 100.0
3167 100.0
17169 100.0
7510 100.0
15384 100.0
21021 100.0
1141 100.0
12787 100.0
21913 100.0
25751 100.0
20829 100.0
7965 100.0
14422 100.0
63 100.0
479 100.0
23457 100.0
19332 100.0
16834 100.0
21644 100.0
2190 100.0
26300 nan
5637 100.0
29108 100.0
9847 100.0
14336 100.0
5982 100.0
13532 100.0
18659 nan
14270 100.0
6623 100.0
24396 100.0
26006 100.0
8788 100.0
20750 100.0
22873 100.0
806 100.0
1654 100.0
26078 100.0
21226 100.0
2851 100.0
17787 98.70553935860059
12612 100.0
12207 100.0
3601 100.0
555 100.0
19249 100.0
1779 100.0
815 100.0
19654 100.0
7288 100.0
15671 100.0
27129 100.0
15709 100.0
18527 100.0
16589 100.0
14810 100.0
22119 100.0
15253 100.0
19045 100.0
3203 100.0
24872 100.0
1585 100.0
19785 100.0
17672 100.0
14020 100.0
24429 100.0
9365 100.0
16936 100.0
13550 100.0
26873 100.0
25608 100.0
20992 100.0
7473 100.0
14932 100.0
3585 100.0
6330 100.0
25959 100.0
9569 100.0
16892 100.0
13547 100.0
13447 100.0
15268 100.0
8205 100.0
8236 100.0
8709 100.0
11488 100.0
17828 100.0
28852 100.0
12737 100.0
4681 100.0
3979 100.0
18757 100.0
9076 100.0
701 100.0
20463 100.0
9187 100.0
12250 100.0
23764 100.0
9377 100.0
22684 100.0
19178 100.0
10936 100.0
26180 100.0
29948 100.0
24428 100.0
17374 100.0
12424 100.0
25385 100.0
25984 100.0
11976 100.0
4189 100.0
18705 100.0
21185 100.0
4214 100.0
4963 100.0
24708 100.0
22648 100.0
28102 100.0
5424 100.0
19284 100.0
20355 100.0
12338 100.0
14205 100.0
11589 100.0
23165 100.0
14382 100.0
25092 100.0
14375 100.0
25271 100.0
6887 100.0
29795 100.0
22536 100.0
7682 100.0
9171 100.0
19137 100.0
19504 100.0
1244 100.0
4844 100.0
6344 100.0
3961 100.0
243 100.0
8557 100.0
15168 100.0
1828 100.0
3460 100.0
12490 100.0
15403 100.0
4436 100.0
171 100.0
9729 100.0
16159 100.0
6342 100.0
21884 100.0
6727 100.0
22026 100.0
25894 100.0
4539 100.0
28487 100.0
5223 100.0
28506 100.0
24341 100.0
18250 100.0
10495 100.0
8669 100.0
27668 100.0
26695 100.0
6723 100.0
19040 100.0
5469 100.0
23316 96.47088232590654
2478 99.18831168831169
23253 100.0
10222 100.0
27073 100.0
29603 100.0
27648 100.0
7556 100.0
20071 100.0
23986 100.0
18820 100.0
755 100.0
19005 100.0
16799 100.0
13456 100.0
24390 100.0
15666 100.0
10080 100.0
18811 100.0
25743 100.0
6475 100.0
18669 100.0
25502 100.0
10916 100.0
25668 100.0
6129 100.0
16736 99.17173252279635
3592 100.0
24400 100.0
29545 100.0
4967 100.0
29676 100.0
11675 100.0
2936 100.0
5185 100.0
7713 100.0
13007 100.0
4955 100.0
6806 100.0
19748 100.0
11286 100.0
20354 100.0
4760 100.0
25650 100.0
4659 100.0
29115 100.0
23270 100.0
10573 100.0
9305 100.0
26005 100.0
15380 100.0
1139 100.0
28264 100.0
12760 100.0
17459 100.0
20752 100.0
24689 100.0
13367 100.0
3241 100.0
19944 100.0
28881 100.0
28074 100.0
13653 100.0
5453 100.0
28857 100.0
1797 100.0
8513 100.0
5651 100.0
27133 100.0
946 100.0
4395 100.0
26567 100.0
19381 100.0
18991 100.0
23065 100.0
12180 100.0
24880 100.0
12382 100.0
26889 100.0
2443 100.0
9843 100.0
15642 100.0
1793 100.0
7532 100.0
2111 100.0
25427 100.0
3358 100.0
5750 100.0
4167 100.0
19968 100.0
22081 100.0
1883 100.0
8606 100.0
3125 100.0
9592 100.0
23660 100.0
10152 100.0
16121 100.0
12453 100.0
27190 100.0
26492 100.0
2454 nan
1145 100.0
4402 100.0
14739 100.0
28220 100.0
25526 100.0
27052 100.0
15189 100.0
8515 100.0
8135 100.0
10245 100.0
16896 100.0
2733 100.0
28321 100.0
6443 100.0
5552 100.0
10254 100.0
10880 100.0
5543 100.0
11445 100.0
13132 100.0
18621 100.0
25218 100.0
20210 100.0
10941 100.0
25553 100.0
2627 100.0
9500 100.0
16862 100.0
5807 100.0
599 100.0
19929 100.0
10109 100.0
985 100.0
4974 100.0
17522 100.0
6531 100.0
15773 100.0
390 100.0
1749 100.0
2910 100.0
16587 100.0
27195 100.0
7114 100.0
8007 100.0
4173 100.0
3544 100.0
8401 100.0
11597 100.0
12961 100.0
11934 100.0
1222 100.0
8879 100.0
1635 100.0
24047 100.0
24535 100.0
9741 100.0
24320 100.0
18231 100.0
12822 100.0
6572 100.0
21364 100.0
24307 100.0
4451 100.0
4299 100.0
19609 100.0
28281 100.0
1225 100.0
7250 100.0
3421 100.0
18775 100.0
28866 100.0
4875 100.0
27412 100.0
9881 100.0
12743 100.0
13792 100.0
11171 100.0
15321 100.0
628 100.0
1980 100.0
564 100.0
12298 100.0
26493 100.0
1628 100.0
6770 100.0
5502 100.0
15928 100.0
16109 100.0
26697 100.0
6406 100.0
5701 100.0
13978 100.0
1165 100.0
1903 100.0
1323 100.0
28054 100.0
9858 100.0
2821 100.0
6372 100.0
9487 100.0
3 100.0
3360 100.0
25910 100.0
29197 100.0
23231 100.0
25227 100.0
15487 100.0
12054 100.0
13473 100.0
24583 100.0
7739 100.0
3013 100.0
15718 100.0
25268 100.0
20212 100.0
20338 100.0
1227 100.0
27655 100.0
4311 100.0
20016 100.0
24014 100.0
21046 100.0
9391 100.0
18803 100.0
19107 100.0
10939 93.61950474776224
18187 100.0
19857 100.0
11895 100.0
29466 100.0
11285 100.0
20245 100.0
3273 100.0
16952 100.0
24381 100.0
16966 100.0
1518 100.0
14767 100.0
25627 100.0
29086 100.0
26033 100.0
4958 100.0
20745 50.0
24780 100.0
19836 100.0
15959 50.0
19039 100.0
22351 100.0
3205 100.0
20983 100.0
8360 100.0
18591 100.0
22837 100.0
18592 100.0
24690 100.0
24819 100.0
10241 100.0
22542 100.0
6033 100.0
6992 100.0
22393 100.0
26877 100.0
10965 100.0
20832 100.0
18024 100.0
19064 100.0
184 100.0
2972 100.0
12868 100.0
4142 100.0
21490 100.0
12369 100.0
27303 100.0
27398 100.0
5675 100.0
828 100.0
9643 100.0
16461 100.0
3419 97.92857142857143
752 100.0
22117 100.0
1970 100.0
16510 100.0
28834 100.0
16646 100.0
27926 100.0
11374 100.0
26491 100.0
29326 100.0
24183 100.0
24360 100.0
5452 100.0
5498 100.0
2196 100.0
14752 100.0
12037 100.0
10657 100.0
11227 100.0
14797 100.0
25034 100.0
22858 100.0
25460 100.0
20104 100.0
24064 100.0
29058 100.0
23671 100.0
26046 100.0
25711 100.0
22291 100.0
26386 100.0
11338 100.0
28764 100.0
4507 100.0
12715 100.0
12205 100.0
16717 100.0
28623 100.0
6069 100.0
14378 100.0
13605 100.0
10840 100.0
7882 100.0
7379 100.0
17365 100.0
23856 100.0
5743 100.0
1882 100.0
10666 100.0
21462 100.0
12532 100.0
24298 100.0
19148 50.0
1010 100.0
632 100.0
9283 100.0
26521 100.0
12758 100.0
28320 100.0
5331 100.0
17775 100.0
11468 100.0
26614 100.0
2631 100.0
12860 100.0
16045 100.0
17039 100.0
8975 100.0
21327 100.0
18778 100.0
21831 100.0
22099 100.0
4380 100.0
11281 100.0
7406 100.0
25428 100.0
17817 100.0
9641 100.0
4849 100.0
9614 100.0
14942 100.0
24924 100.0
20916 100.0
28741 100.0
17631 100.0
8764 100.0
1470 100.0
21451 100.0
17740 100.0
16631 100.0
24471 nan
19117 100.0
15505 100.0
10388 100.0
614 100.0
28389 100.0
31491 100.0
24263 100.0
24325 100.0
6128 100.0
1643 100.0
1065 100.0
18034 100.0
11293 100.0
4273 100.0
27367 92.32509823440274
17928 100.0
7067 100.0
2859 100.0
7566 100.0
16818 100.0
28679 100.0
14940 100.0
23609 100.0
20216 100.0
9822 100.0
23628 100.0
25068 44.8975499125693
25602 100.0
17554 100.0
27490 100.0
25246 100.0
24515 100.0
11081 100.0
4962 100.0
11552 100.0
16426 100.0
17781 100.0
17853 100.0
10907 100.0
21893 100.0
5871 100.0
4131 100.0
9536 100.0
27551 100.0
12194 100.0
21941 100.0
24037 100.0
2277 100.0
19924 100.0
9101 100.0
27955 100.0
29139 100.0
11791 100.0
211 100.0
1269 100.0
545 100.0
12305 100.0
22028 100.0
23390 100.0
12059 100.0
14095 100.0
22766 100.0
9580 100.0
11716 100.0
23406 100.0
16412 100.0
24811 100.0
5822 100.0
28274 100.0
12440 100.0
824 100.0
12013 100.0
8298 100.0
6618 100.0
2865 100.0
13585 100.0
696 100.0
21883 100.0
26232 100.0
23161 100.0
27504 100.0
1063 100.0
8425 100.0
7946 100.0
12124 100.0
12378 100.0
14252 100.0
5332 100.0
16526 100.0
26484 100.0
6908 100.0
22974 100.0
23922 100.0
24258 100.0
22360 100.0
11082 100.0
15494 100.0
7377 100.0
26287 100.0
27621 100.0
24594 100.0
8317 100.0
25117 100.0
13441 100.0
19563 100.0
2772 100.0
26045 100.0
27773 100.0
1591 100.0
18442 100.0
6784 100.0
13444 100.0
13697 100.0
2472 100.0
11881 100.0
24706 100.0
22612 100.0
14391 100.0
20310 100.0
2518 100.0
68 100.0
22266 100.0
22433 100.0
1844 50.0
1709 100.0
6789 100.0
23501 100.0
21666 100.0
2455 100.0
23374 100.0
25636 100.0
2688 100.0
24673 100.0
12081 100.0
28069 100.0
10427 100.0
18703 100.0
20286 100.0
28048 100.0
4796 100.0
27670 100.0
988 100.0
11254 100.0
13098 100.0
26076 100.0
29192 100.0
3869 100.0
10982 100.0
26308 100.0
15946 100.0
24962 100.0
12361 100.0
24725 100.0
23527 100.0
7415 100.0
9440 100.0
15725 100.0
21326 100.0
23444 100.0
26186 100.0
26790 100.0
18054 100.0
27183 100.0
16020 100.0
2738 100.0
8885 100.0
6777 100.0
27512 100.0
20585 100.0
7895 100.0
7712 100.0
24712 100.0
5061 100.0
4983 100.0
8289 100.0
11734 100.0
5496 100.0
26017 100.0
14060 100.0
22418 100.0
19309 100.0
14299 100.0
20461 100.0
22500 100.0
32015 100.0
9883 100.0
1035 100.0
1696 100.0
23421 100.0
6827 100.0
5666 100.0
22305 100.0
23549 100.0
2662 100.0
1334 100.0
158 100.0
2054 100.0
2120 100.0
1239 100.0
25929 100.0
1947 100.0
1822 100.0
24120 100.0
25464 100.0
22332 100.0
6175 100.0
28931 100.0
13834 100.0
6973 100.0
2903 100.0
25379 100.0
17468 100.0
7144 100.0
10772 100.0
26039 100.0
20141 100.0
14052 100.0
12042 100.0
20117 100.0
22839 100.0
26452 100.0
6733 100.0
14210 100.0
6401 100.0
12301 100.0
22848 100.0
16496 100.0
6343 100.0
14033 100.0
16052 100.0
16810 100.0
18497 100.0
8892 100.0
3341 98.1986215538847
17117 100.0
23355 100.0
18303 100.0
4621 100.0
9188 100.0
17222 100.0
12534 100.0
29577 100.0
22821 100.0
22446 100.0
9242 100.0
8363 99.36885865457295
5968 100.0
10609 100.0
13914 99.21703296703296
23612 100.0
5721 100.0
17514 100.0
27936 100.0
21812 100.0
26986 100.0
20505 100.0
2743 100.0
2885 100.0
10732 100.0
1766 100.0
18374 100.0
17960 100.0
15354 100.0
9416 100.0
14447 100.0
25537 100.0
8012 100.0
14419 100.0
214 100.0
25254 100.0
15920 100.0
27626 100.0
25678 100.0
25094 100.0
13348 100.0
16477 100.0
18058 100.0
2530 100.0
5541 100.0
6062 100.0
21054 100.0
24387 100.0
3671 100.0
12693 100.0
23931 100.0
6984 100.0
13338 100.0
4500 100.0
827 100.0
14780 100.0
24496 100.0
21511 100.0
24832 100.0
800 100.0
5848 100.0
1051 100.0
22620 100.0
2630 100.0
8794 100.0
30927 100.0
18928 100.0
14840 100.0
3249 100.0
10115 100.0
26942 100.0
8211 100.0
1080 100.0
19014 100.0
25232 100.0
1221 100.0
24187 100.0
12083 100.0
23607 100.0
4857 100.0
21928 100.0
4815 100.0
2783 100.0
27957 100.0
311 100.0
23229 100.0
2199 100.0
9441 100.0
19589 100.0
8666 100.0
29327 100.0
9133 100.0
29242 100.0
28894 100.0
373 100.0
156 100.0
5121 100.0
19103 100.0
17212 100.0
25184 100.0
21038 100.0
20465 100.0
23819 100.0
25247 100.0
19315 100.0
4951 100.0
11904 100.0
26290 100.0
8545 100.0
25748 100.0
26303 100.0
9780 100.0
7531 100.0
792 100.0
7211 100.0
14673 100.0
6035 100.0
21058 100.0
20202 100.0
11887 100.0
20595 100.0
291 100.0
26776 100.0
19200 100.0
1542 100.0
10544 100.0
10890 100.0
27019 100.0
471 100.0
12238 100.0
11625 100.0
8667 98.98182957393485
7844 100.0
6660 100.0
10602 100.0
22092 100.0
19675 100.0
4527 100.0
20772 100.0
2693 100.0
24807 100.0
28225 100.0
28780 100.0
7545 100.0
17348 100.0
12254 100.0
14783 100.0
14643 100.0
29727 100.0
14519 100.0
11476 100.0
21202 100.0
17798 100.0
27329 100.0
17134 100.0
17263 100.0
14113 100.0
28215 100.0
28840 100.0
14007 100.0
12783 100.0
10896 100.0
23399 100.0
7784 100.0
16202 100.0
21761 100.0
14957 100.0
15670 100.0
8542 100.0
3543 100.0
23932 100.0
3562 100.0
14131 100.0
20720 100.0
1324 100.0
15726 100.0
27560 100.0
20337 100.0
11452 100.0
19515 100.0
14507 100.0
7636 100.0
17830 100.0
4862 100.0
8638 100.0
24833 100.0
27889 100.0
23807 100.0
29742 100.0
18304 100.0
18696 100.0
11623 100.0
16340 100.0
6877 100.0
5369 100.0
4947 100.0
384 100.0
18992 100.0
5036 100.0
3602 100.0
2415 100.0
11514 100.0
25942 100.0
8272 100.0
29114 100.0
15452 100.0
25112 100.0
6668 100.0
4680 100.0
19518 100.0
2315 100.0
14310 100.0
21020 100.0
2349 100.0
8514 100.0
21055 100.0
23158 100.0
906 100.0
11116 100.0
1216 100.0
29207 100.0
26107 100.0
36 100.0
10135 100.0
13524 100.0
19612 100.0
21603 100.0
17357 100.0
20032 100.0
9564 100.0
13086 100.0
27429 100.0
23951 100.0
24290 100.0
28233 100.0
27466 100.0
4492 97.9591836734694
4280 100.0
3290 100.0
2988 100.0
6772 100.0
14944 100.0
29928 100.0
23673 100.0
9415 50.0
11117 100.0
269 100.0
7775 100.0
12772 100.0
29290 100.0
26696 100.0
8816 100.0
28505 100.0
19733 100.0
26172 100.0
14449 100.0
157 100.0
16519 100.0
21808 100.0
17250 100.0
26009 100.0
11755 100.0
7053 100.0
5992 100.0
4181 100.0
19331 100.0
12625 100.0
25438 100.0
25818 100.0
27676 100.0
22439 100.0
3446 100.0
635 100.0
24650 100.0
11811 100.0
22694 100.0
17523 100.0
27418 100.0
7801 100.0
21938 100.0
23263 100.0
22449 100.0
19305 100.0
6385 100.0
22599 100.0
5966 100.0
6739 100.0
14031 100.0
4550 100.0
28087 100.0
24440 100.0
2473 100.0
947 100.0
2316 100.0
8194 96.54561765753627
17076 100.0
24846 97.02221379852959
6075 100.0
15381 100.0
1827 100.0
17389 100.0
4938 100.0
8796 100.0
6036 100.0
28667 100.0
3043 100.0
23746 100.0
5203 100.0
13985 100.0
17560 100.0
9218 100.0
29601 100.0
24377 100.0
28477 100.0
23217 100.0
19111 100.0
27401 100.0
23034 100.0
25951 100.0
8871 100.0
15516 100.0
26666 100.0
7818 100.0
254 100.0
10487 100.0
8626 100.0
11206 100.0
13435 100.0
11592 100.0
19101 100.0
5955 100.0
21982 100.0
4747 100.0
716 100.0
4613 100.0
19051 100.0
27775 100.0
11102 100.0
1831 100.0
23730 100.0
11077 100.0
24769 100.0
22601 100.0
29274 100.0
11511 100.0
19060 100.0
8804 100.0
17237 100.0
1658 100.0
25750 100.0
22494 100.0
22706 100.0
24899 100.0
29657 100.0
4279 100.0
16576 100.0
12812 100.0
4457 100.0
6595 100.0
21206 100.0
25252 100.0
1311 100.0
6935 100.0
3467 100.0
26999 100.0
11949 100.0
26529 100.0
1152 100.0
5576 100.0
27582 100.0
25058 100.0
6018 100.0
18306 100.0
25610 100.0
15196 100.0
5813 100.0
11152 97.06384264232008
15151 100.0
21516 100.0
8969 100.0
2099 100.0
317 100.0
22608 100.0
13807 100.0
11457 100.0
29784 100.0
12897 100.0
13449 100.0
6584 100.0
577 100.0
8499 100.0
27075 100.0
6197 100.0
18239 100.0
26058 100.0
20842 100.0
22403 100.0
342 100.0
23765 100.0
3456 100.0
3206 100.0
23542 100.0
2101 100.0
1140 100.0
17920 100.0
17726 100.0
12051 100.0
17528 100.0
8438 100.0
14953 100.0
22310 100.0
29382 98.29348315046256
13214 100.0
24040 100.0
10067 100.0
18263 100.0
7976 100.0
5607 100.0
24368 100.0
19163 100.0
3509 100.0
16679 100.0
2847 100.0
25206 100.0
12840 100.0
27236 100.0
28568 100.0
18735 100.0
2079 100.0
22649 100.0
26587 100.0
4899 100.0
264 100.0
14600 100.0
21170 100.0
5824 100.0
27628 100.0
25185 100.0
13952 100.0
28786 100.0
7701 100.0
27610 100.0
16227 100.0
183 100.0
22161 100.0
7634 100.0
27063 100.0
12520 100.0
8700 100.0
7576 100.0
10081 100.0
18570 100.0
27081 100.0
14685 100.0
25393 100.0
25971 100.0
18308 100.0
3357 100.0
13993 100.0
7079 100.0
6391 100.0
27359 100.0
27869 100.0
26956 100.0
21485 100.0
5860 100.0
11954 100.0
9786 100.0
10664 100.0
11064 100.0
7951 100.0
23795 100.0
23249 100.0
13982 100.0
6645 50.0
17248 100.0
2309 100.0
11973 100.0
28061 100.0
20470 100.0
11132 100.0
10008 100.0
17654 100.0
15424 100.0
6696 100.0
20101 100.0
14483 100.0
15348 100.0
22491 100.0
1738 100.0
11098 100.0
21885 100.0
26057 100.0
20738 100.0
4464 100.0
5705 100.0
8046 100.0
21325 100.0
29319 100.0
26995 100.0
7931 100.0
16753 100.0
16475 100.0
28761 100.0
18901 100.0
20342 100.0
16794 100.0
1685 100.0
26964 100.0
19453 100.0
24219 100.0
2608 100.0
11033 100.0
19772 100.0
27779 100.0
8376 100.0
24765 100.0
2041 100.0
1479 98.08663180996679
2222 100.0
11553 100.0
28372 100.0
28297 100.0
15679 100.0
18996 100.0
22341 100.0
27013 100.0
8620 100.0
22297 100.0
16354 100.0
2632 100.0
27951 100.0
2043 100.0
301 100.0
12459 100.0
26692 100.0
10180 100.0
26511 100.0
5493 100.0
10801 100.0
28877 100.0
6283 100.0
10581 100.0
11679 100.0
1309 99.50105042016807
28630 100.0
23934 100.0
25297 100.0
29553 100.0
12749 98.00908257072119
21471 100.0
2690 100.0
5626 100.0
5345 100.0
4807 100.0
20086 100.0
20826 100.0
14624 100.0
21301 100.0
5963 100.0
4579 100.0
3759 100.0
26222 100.0
21901 100.0
27472 50.0
250 100.0
5972 100.0
27570 100.0
25256 100.0
16630 100.0
23489 100.0
15741 100.0
8313 100.0
27126 100.0
18789 100.0
8802 100.0
17714 100.0
28531 100.0
25568 100.0
14818 100.0
23362 100.0
19786 100.0
27858 100.0
27262 100.0
5723 100.0
4252 100.0
19832 100.0
29430 100.0
1371 100.0
14111 100.0
66 100.0
13356 100.0
18662 100.0
20664 99.7483251501493
5528 100.0
17599 100.0
14476 100.0
935 100.0
15304 100.0
11792 100.0
22764 100.0
24845 100.0
17903 100.0
17368 100.0
5426 100.0
9525 100.0
26299 100.0
6476 100.0
20566 100.0
13719 100.0
8811 100.0
6745 100.0
8814 100.0
27567 100.0
13813 100.0
18863 100.0
12584 100.0
3286 100.0
21013 100.0
27483 62.5
4399 100.0
26302 100.0
25966 100.0
3129 100.0
19118 100.0
28095 100.0
13530 100.0
11559 100.0
1411 50.0
5378 100.0
12455 100.0
15681 100.0
20052 100.0
1329 100.0
15356 100.0
14193 100.0
26333 100.0
20936 100.0
5195 100.0
13428 100.0
8595 100.0
7835 100.0
24737 100.0
26833 100.0
13169 100.0
1859 100.0
9395 100.0
26108 100.0
3906 100.0
24700 100.0
6709 100.0
18728 50.0
9522 100.0
26560 98.4906462585034
27130 100.0
15799 100.0
13587 100.0
8237 100.0
29469 100.0
447 100.0
20024 100.0
4343 100.0
302 100.0
29724 100.0
14901 100.0
8343 100.0
20457 100.0
5286 100.0
11367 100.0
17906 100.0
29268 100.0
13046 100.0
14484 100.0
19283 100.0
28796 100.0
6708 100.0
27820 100.0
15259 100.0
24261 100.0
25017 100.0
25998 100.0
8689 100.0
25157 100.0
27887 100.0
19671 100.0
9191 100.0
15972 100.0
29604 100.0
506 100.0
11028 100.0
25392 100.0
12131 100.0
2964 100.0
11768 100.0
1052 100.0
15251 100.0
25594 100.0
27814 100.0
10240 100.0
17648 100.0
7438 100.0
25021 100.0
22257 100.0
19065 100.0
11790 100.0
25893 100.0
13915 100.0
6101 100.0
5362 100.0
21908 100.0
11256 100.0
3318 100.0
10130 100.0
23722 100.0
6167 100.0
49 100.0
24173 100.0
17897 100.0
5094 100.0
3563 100.0
7776 100.0
19514 100.0
